   x: -0.000112918807776
      y: 0.0
      z: 0.0
    angular: 
      x: 0.0
      y: 0.0
      z: 3.79137415144e-05
  covariance: [0.0, 0.0, 0.0, 0.0, 0.0, 0.0, 0.0, 0.0, 0.0, 0.0, 0.0, 0.0, 0.0, 0.0, 0.0, 0.0, 0.0, 0.0, 0.0, 0.0, 0.0, 0.0, 0.0, 0.0, 0.0, 0.0, 0.0, 0.0, 0.0, 0.0, 0.0, 0.0, 0.0, 0.0, 0.0, 0.0]
---
header: 
  seq: 79611
  stamp: 
    secs: 191
    nsecs: 718000000
  frame_id: "odom"
child_frame_id: "base_footprint"
pose: 
  pose: 
    position: 
      x: -0.191700393302
      y: -0.12182226727
      z: 0.0
    orientation: 
      x: -0.0
      y: 0.0
      z: -0.1270151445
      w: -0.991900777834
  covariance: [0.1, 0.0, 0.0, 0.0, 0.0, 0.0, 0.0, 0.1, 0.0, 0.0, 0.0, 0.0, 0.0, 0.0, 1000000.0, 0.0, 0.0, 0.0, 0.0, 0.0, 0.0, 1000000.0, 0.0, 0.0, 0.0, 0.0, 0.0, 0.0, 1000000.0, 0.0, 0.0, 0.0, 0.0, 0.0, 0.0, 0.05]
twist: 
  twist: 
    linear: 
      x: -8.94622502902e-05
      y: 0.0
      z: 0.0
    angular: 
      x: 0.0
      y: 0.0
      z: 3.79137415144e-05
  covariance: [0.0, 0.0, 0.0, 0.0, 0.0, 0.0, 0.0, 0.0, 0.0, 0.0, 0.0, 0.0, 0.0, 0.0, 0.0, 0.0, 0.0, 0.0, 0.0, 0.0, 0.0, 0.0, 0.0, 0.0, 0.0, 0.0, 0.0, 0.0, 0.0, 0.0, 0.0, 0.0, 0.0, 0.0, 0.0, 0.0]
---
header: 
  seq: 79612
  stamp: 
    secs: 191
    nsecs: 718000000
  frame_id: "odom"
child_frame_id: "base_footprint"
pose: 
  pose: 
    position: 
      x: -0.191700447988
      y: -0.121822281509
      z: 0.0
    orientation: 
      x: -0.0
      y: 0.0
      z: -0.127015163304
      w: -0.991900775426
  covariance: [0.1, 0.0, 0.0, 0.0, 0.0, 0.0, 0.0, 0.1, 0.0, 0.0, 0.0, 0.0, 0.0, 0.0, 1000000.0, 0.0, 0.0, 0.0, 0.0, 0.0, 0.0, 1000000.0, 0.0, 0.0, 0.0, 0.0, 0.0, 0.0, 1000000.0, 0.0, 0.0, 0.0, 0.0, 0.0, 0.0, 0.05]
twist: 
  twist: 
    linear: 
      x: -5.65095013404e-05
      y: 0.0
      z: 0.0
    angular: 
      x: 0.0
      y: 0.0
      z: 3.79137415144e-05
  covariance: [0.0, 0.0, 0.0, 0.0, 0.0, 0.0, 0.0, 0.0, 0.0, 0.0, 0.0, 0.0, 0.0, 0.0, 0.0, 0.0, 0.0, 0.0, 0.0, 0.0, 0.0, 0.0, 0.0, 0.0, 0.0, 0.0, 0.0, 0.0, 0.0, 0.0, 0.0, 0.0, 0.0, 0.0, 0.0, 0.0]
---
header: 
  seq: 79613
  stamp: 
    secs: 191
    nsecs: 720000000
  frame_id: "odom"
child_frame_id: "base_footprint"
pose: 
  pose: 
    position: 
      x: -0.191700465695
      y: -0.12182228612
      z: 0.0
    orientation: 
      x: -0.0
      y: 0.0
      z: -0.127015117441
      w: -0.991900781299
  covariance: [0.1, 0.0, 0.0, 0.0, 0.0, 0.0, 0.0, 0.1, 0.0, 0.0, 0.0, 0.0, 0.0, 0.0, 1000000.0, 0.0, 0.0, 0.0, 0.0, 0.0, 0.0, 1000000.0, 0.0, 0.0, 0.0, 0.0, 0.0, 0.0, 1000000.0, 0.0, 0.0, 0.0, 0.0, 0.0, 0.0, 0.05]
twist: 
  twist: 
    linear: 
      x: -1.82970884791e-05
      y: 0.0
      z: 0.0
    angular: 
      x: 0.0
      y: 0.0
      z: -9.24742353593e-05
  covariance: [0.0, 0.0, 0.0, 0.0, 0.0, 0.0, 0.0, 0.0, 0.0, 0.0, 0.0, 0.0, 0.0, 0.0, 0.0, 0.0, 0.0, 0.0, 0.0, 0.0, 0.0, 0.0, 0.0, 0.0, 0.0, 0.0, 0.0, 0.0, 0.0, 0.0, 0.0, 0.0, 0.0, 0.0, 0.0, 0.0]
---
root@538c466f73a2:/home/workspace# rostopic echo /odom/position
WARNING: topic [/odom/position] does not appear to be published yet

